# Blender v2.90.1 OBJ File: ''
# www.blender.org
mtllib blockE.mtl
o 立方体.005_立方体.006
v -8.491237 -0.021395 23.924599
v -8.491237 0.718148 23.924599
v -7.759815 -0.021395 23.815300
v -7.759815 0.718148 23.815300
v -8.381939 -0.021395 24.656021
v -8.381939 0.718148 24.656021
v -7.650517 -0.021395 24.546722
v -7.650517 0.718148 24.546722
v -9.737323 -0.050293 25.297157
v -9.798606 0.669227 25.456715
v -9.059199 -0.057949 25.592136
v -9.120481 0.661571 25.751694
v -10.025968 -0.221043 25.956287
v -10.087250 0.498477 26.115845
v -9.347843 -0.228699 26.251266
v -9.409126 0.490821 26.410824
v -9.757820 0.562887 25.118927
v -9.595048 1.284295 25.118927
v -9.041018 0.401154 25.202353
v -8.878245 1.122561 25.202353
v -9.839200 0.581249 25.853748
v -9.676428 1.302657 25.853748
v -9.122398 0.419516 25.937176
v -8.959625 1.140923 25.937176
v -8.403843 0.446941 24.206205
v -8.744645 1.103278 24.206205
v -7.751696 0.785569 24.289633
v -8.092499 1.441905 24.289633
v -8.477882 0.408496 24.941029
v -8.818686 1.064832 24.941029
v -7.825736 0.747123 25.024454
v -8.166538 1.403460 25.024454
v -8.360303 0.768968 25.104631
v -9.094663 0.772882 25.017321
v -8.305841 1.367280 24.673376
v -9.040201 1.371194 24.586065
v -8.428657 1.203630 25.699038
v -9.163017 1.207544 25.611729
v -8.374195 1.801942 25.267784
v -9.108556 1.805856 25.180473
vt 0.625000 0.000000
vt 0.375000 0.250000
vt 0.375000 0.000000
vt 0.625000 0.250000
vt 0.375000 0.500000
vt 0.625000 0.500000
vt 0.375000 0.750000
vt 0.625000 0.750000
vt 0.375000 1.000000
vt 0.125000 0.750000
vt 0.125000 0.500000
vt 0.875000 0.500000
vt 0.375000 0.000000
vt 0.625000 0.250000
vt 0.375000 0.250000
vt 0.375000 0.500000
vt 0.625000 0.500000
vt 0.375000 0.750000
vt 0.625000 0.750000
vt 0.375000 1.000000
vt 0.125000 0.750000
vt 0.125000 0.500000
vt 0.875000 0.500000
vt 0.625000 0.000000
vt 0.375000 0.250000
vt 0.375000 0.000000
vt 0.625000 0.250000
vt 0.375000 0.500000
vt 0.625000 0.500000
vt 0.375000 0.750000
vt 0.625000 0.750000
vt 0.375000 1.000000
vt 0.125000 0.750000
vt 0.125000 0.500000
vt 0.875000 0.500000
vt 0.625000 0.000000
vt 0.375000 0.250000
vt 0.375000 0.000000
vt 0.625000 0.250000
vt 0.375000 0.500000
vt 0.625000 0.500000
vt 0.375000 0.750000
vt 0.625000 0.750000
vt 0.375000 1.000000
vt 0.125000 0.750000
vt 0.125000 0.500000
vt 0.875000 0.500000
vt 0.625000 0.000000
vt 0.375000 0.250000
vt 0.375000 0.000000
vt 0.625000 0.250000
vt 0.375000 0.500000
vt 0.625000 0.750000
vt 0.375000 0.750000
vt 0.625000 1.000000
vt 0.375000 1.000000
vt 0.125000 0.500000
vt 0.125000 0.750000
vt 0.625000 0.500000
vt 0.875000 0.750000
vt 0.625000 1.000000
vt 0.875000 0.750000
vt 0.625000 0.000000
vt 0.625000 1.000000
vt 0.875000 0.750000
vt 0.625000 1.000000
vt 0.875000 0.750000
vt 0.625000 1.000000
vt 0.875000 0.750000
vt 0.875000 0.500000
vn -0.1478 0.0000 -0.9890
vn 0.9890 0.0000 -0.1478
vn 0.1478 0.0000 0.9890
vn -0.9890 0.0000 0.1478
vn 0.0000 -1.0000 0.0000
vn 0.0000 1.0000 0.0000
vn 0.3903 0.2309 -0.8913
vn 0.9170 -0.0104 0.3989
vn -0.3903 -0.2309 0.8913
vn -0.9170 0.0104 -0.3989
vn 0.0829 -0.9729 -0.2158
vn -0.0829 0.9729 0.2158
vn 0.1100 -0.0248 -0.9936
vn 0.9693 -0.2187 0.1128
vn -0.1100 0.0248 0.9936
vn -0.9693 0.2187 -0.1128
vn -0.2201 -0.9755 -0.0000
vn 0.2201 0.9755 0.0000
vn 0.1001 0.0520 -0.9936
vn 0.8818 0.4579 0.1128
vn -0.1001 -0.0520 0.9936
vn -0.8818 -0.4579 -0.1128
vn 0.4608 -0.8875 0.0000
vn -0.4608 0.8875 0.0000
vn 0.0924 -0.5877 -0.8037
vn 0.0736 0.8090 -0.5831
vn -0.0924 0.5877 0.8038
vn -0.0736 -0.8090 0.5831
vn 0.9930 -0.0053 0.1181
vn -0.9930 0.0053 -0.1181
vn -0.9169 0.0104 -0.3989
vn -0.0924 0.5877 0.8037
usemtl None
s off
f 2/1/1 3/2/1 1/3/1
f 4/4/2 7/5/2 3/2/2
f 8/6/3 5/7/3 7/5/3
f 6/8/4 1/9/4 5/7/4
f 7/5/5 1/10/5 3/11/5
f 4/12/6 6/8/6 8/6/6
f 9/13/7 12/14/7 11/15/7
f 12/14/8 15/16/8 11/15/8
f 16/17/9 13/18/9 15/16/9
f 14/19/10 9/20/10 13/18/10
f 15/16/11 9/21/11 11/22/11
f 12/23/12 14/19/12 16/17/12
f 18/24/13 19/25/13 17/26/13
f 20/27/14 23/28/14 19/25/14
f 24/29/15 21/30/15 23/28/15
f 22/31/16 17/32/16 21/30/16
f 23/28/17 17/33/17 19/34/17
f 20/35/18 22/31/18 24/29/18
f 26/36/19 27/37/19 25/38/19
f 28/39/20 31/40/20 27/37/20
f 32/41/21 29/42/21 31/40/21
f 30/43/22 25/44/22 29/42/22
f 31/40/23 25/45/23 27/46/23
f 28/47/24 30/43/24 32/41/24
f 34/48/25 35/49/25 33/50/25
f 36/51/26 39/52/26 35/49/26
f 39/52/27 38/53/27 37/54/27
f 37/54/28 34/55/28 33/56/28
f 35/57/29 37/54/29 33/58/29
f 40/59/30 34/60/30 38/53/30
f 2/1/1 4/4/1 3/2/1
f 4/4/2 8/6/2 7/5/2
f 8/6/3 6/8/3 5/7/3
f 6/8/4 2/61/4 1/9/4
f 7/5/5 5/7/5 1/10/5
f 4/12/6 2/62/6 6/8/6
f 9/13/7 10/63/7 12/14/7
f 12/14/8 16/17/8 15/16/8
f 16/17/9 14/19/9 13/18/9
f 14/19/31 10/64/31 9/20/31
f 15/16/11 13/18/11 9/21/11
f 12/23/12 10/65/12 14/19/12
f 18/24/13 20/27/13 19/25/13
f 20/27/14 24/29/14 23/28/14
f 24/29/15 22/31/15 21/30/15
f 22/31/16 18/66/16 17/32/16
f 23/28/17 21/30/17 17/33/17
f 20/35/18 18/67/18 22/31/18
f 26/36/19 28/39/19 27/37/19
f 28/39/20 32/41/20 31/40/20
f 32/41/21 30/43/21 29/42/21
f 30/43/22 26/68/22 25/44/22
f 31/40/23 29/42/23 25/45/23
f 28/47/24 26/69/24 30/43/24
f 34/48/25 36/51/25 35/49/25
f 36/51/26 40/59/26 39/52/26
f 39/52/32 40/59/32 38/53/32
f 37/54/28 38/53/28 34/55/28
f 35/57/29 39/52/29 37/54/29
f 40/59/30 36/70/30 34/60/30
