# Blender v2.90.1 OBJ File: ''
# www.blender.org
mtllib blockE.mtl
o 立方体.005_立方体.006
v 0.392526 -0.016977 -1.020417
v 1.123948 -0.756520 -1.129716
v 0.392526 -0.756520 -1.020417
v 1.123948 -0.016977 -1.129716
v 1.233246 -0.756521 -0.398293
v 1.233246 -0.016977 -0.398293
v 0.501824 -0.756521 -0.288995
v 0.501824 -0.016977 -0.288995
v -0.853560 -0.785419 0.352142
v -0.236718 -0.073555 0.806678
v -0.175436 -0.793075 0.647121
v -0.464080 -0.963825 1.306251
v -0.525363 -0.244305 1.465808
v -1.142205 -0.956169 1.011272
v -1.203487 -0.236649 1.170829
v -0.711285 0.549169 0.173911
v -0.157255 -0.333972 0.257337
v -0.874057 -0.172239 0.173911
v 0.005518 0.387435 0.257337
v -0.238635 -0.315610 0.992160
v -0.075862 0.405797 0.992160
v -0.955437 -0.153877 0.908733
v -0.792665 0.567531 0.908733
v 0.139118 0.368153 -0.738810
v 1.132067 0.050444 -0.655383
v 0.479920 -0.288184 -0.738810
v 0.791264 0.706780 -0.655383
v 1.058027 0.011997 0.079438
v 0.717225 0.668334 0.079439
v 0.405881 -0.326630 -0.003987
v 0.065077 0.329706 -0.003987
v -0.210900 0.037756 0.072305
v 0.577922 0.632155 -0.271639
v 0.523460 0.033842 0.159616
v -0.156438 0.636069 -0.358950
v 0.509568 1.066816 0.322769
v -0.279254 0.472418 0.666713
v 0.455106 0.468504 0.754022
v -0.224793 1.070730 0.235458
v -0.914843 -0.065899 0.511699
vt 0.625000 0.000000
vt 0.375000 0.250000
vt 0.375000 0.000000
vt 0.625000 0.250000
vt 0.375000 0.500000
vt 0.625000 0.500000
vt 0.375000 0.750000
vt 0.625000 0.750000
vt 0.375000 1.000000
vt 0.125000 0.750000
vt 0.125000 0.500000
vt 0.875000 0.500000
vt 0.375000 0.000000
vt 0.625000 0.250000
vt 0.375000 0.250000
vt 0.375000 0.500000
vt 0.625000 0.500000
vt 0.375000 0.750000
vt 0.625000 0.750000
vt 0.375000 1.000000
vt 0.125000 0.750000
vt 0.125000 0.500000
vt 0.875000 0.500000
vt 0.625000 0.000000
vt 0.375000 0.250000
vt 0.375000 0.000000
vt 0.625000 0.250000
vt 0.375000 0.500000
vt 0.625000 0.500000
vt 0.375000 0.750000
vt 0.625000 0.750000
vt 0.375000 1.000000
vt 0.125000 0.750000
vt 0.125000 0.500000
vt 0.875000 0.500000
vt 0.625000 0.000000
vt 0.375000 0.250000
vt 0.375000 0.000000
vt 0.625000 0.250000
vt 0.375000 0.500000
vt 0.625000 0.500000
vt 0.375000 0.750000
vt 0.625000 0.750000
vt 0.375000 1.000000
vt 0.125000 0.750000
vt 0.125000 0.500000
vt 0.875000 0.500000
vt 0.625000 0.000000
vt 0.375000 0.250000
vt 0.375000 0.000000
vt 0.625000 0.250000
vt 0.375000 0.500000
vt 0.625000 0.750000
vt 0.375000 0.750000
vt 0.625000 1.000000
vt 0.375000 1.000000
vt 0.125000 0.500000
vt 0.125000 0.750000
vt 0.625000 0.500000
vt 0.875000 0.750000
vt 0.625000 1.000000
vt 0.875000 0.750000
vt 0.625000 0.000000
vt 0.625000 1.000000
vt 0.875000 0.750000
vt 0.625000 1.000000
vt 0.875000 0.750000
vt 0.625000 1.000000
vt 0.875000 0.750000
vt 0.875000 0.500000
vn -0.1478 0.0000 -0.9890
vn 0.9890 0.0000 -0.1478
vn 0.1478 -0.0000 0.9890
vn -0.9890 -0.0000 0.1478
vn -0.0000 -1.0000 -0.0000
vn -0.0000 1.0000 0.0000
vn 0.3903 0.2309 -0.8913
vn 0.9170 -0.0104 0.3989
vn -0.3903 -0.2309 0.8913
vn -0.9170 0.0104 -0.3989
vn 0.0829 -0.9729 -0.2158
vn -0.0829 0.9729 0.2158
vn 0.1100 -0.0248 -0.9936
vn 0.9693 -0.2187 0.1128
vn -0.1100 0.0248 0.9936
vn -0.9693 0.2187 -0.1128
vn -0.2201 -0.9755 -0.0000
vn 0.2201 0.9755 0.0000
vn 0.1001 0.0520 -0.9936
vn 0.8818 0.4579 0.1128
vn -0.1001 -0.0520 0.9936
vn -0.8818 -0.4579 -0.1128
vn 0.4608 -0.8875 -0.0000
vn -0.4608 0.8875 0.0000
vn 0.0924 -0.5877 -0.8037
vn 0.0736 0.8090 -0.5831
vn -0.0924 0.5877 0.8038
vn -0.0736 -0.8090 0.5831
vn 0.9930 -0.0053 0.1181
vn -0.9930 0.0053 -0.1181
vn 0.9169 -0.0104 0.3989
vn -0.0924 0.5877 0.8037
usemtl None.004
s 1
f 1/1/1 2/2/1 3/3/1
f 4/4/2 5/5/2 2/2/2
f 6/6/3 7/7/3 5/5/3
f 8/8/4 3/9/4 7/7/4
f 5/5/5 3/10/5 2/11/5
f 4/12/6 8/8/6 6/6/6
f 9/13/7 10/14/7 11/15/7
f 10/14/8 12/16/8 11/15/8
f 13/17/9 14/18/9 12/16/9
f 15/19/10 9/20/10 14/18/10
f 12/16/11 9/21/11 11/22/11
f 10/23/12 15/19/12 13/17/12
f 16/24/13 17/25/13 18/26/13
f 19/27/14 20/28/14 17/25/14
f 21/29/15 22/30/15 20/28/15
f 23/31/16 18/32/16 22/30/16
f 20/28/17 18/33/17 17/34/17
f 19/35/18 23/31/18 21/29/18
f 24/36/19 25/37/19 26/38/19
f 27/39/20 28/40/20 25/37/20
f 29/41/21 30/42/21 28/40/21
f 31/43/22 26/44/22 30/42/22
f 28/40/23 26/45/23 25/46/23
f 27/47/24 31/43/24 29/41/24
f 32/48/25 33/49/25 34/50/25
f 35/51/26 36/52/26 33/49/26
f 36/52/27 37/53/27 38/54/27
f 38/54/28 32/55/28 34/56/28
f 33/57/29 38/54/29 34/58/29
f 39/59/30 32/60/30 37/53/30
f 1/1/1 4/4/1 2/2/1
f 4/4/2 6/6/2 5/5/2
f 6/6/3 8/8/3 7/7/3
f 8/8/4 1/61/4 3/9/4
f 5/5/5 7/7/5 3/10/5
f 4/12/6 1/62/6 8/8/6
f 9/13/7 40/63/7 10/14/7
f 10/14/8 13/17/31 12/16/8
f 13/17/9 15/19/9 14/18/9
f 15/19/10 40/64/10 9/20/10
f 12/16/11 14/18/11 9/21/11
f 10/23/12 40/65/12 15/19/12
f 16/24/13 19/27/13 17/25/13
f 19/27/14 21/29/14 20/28/14
f 21/29/15 23/31/15 22/30/15
f 23/31/16 16/66/16 18/32/16
f 20/28/17 22/30/17 18/33/17
f 19/35/18 16/67/18 23/31/18
f 24/36/19 27/39/19 25/37/19
f 27/39/20 29/41/20 28/40/20
f 29/41/21 31/43/21 30/42/21
f 31/43/22 24/68/22 26/44/22
f 28/40/23 30/42/23 26/45/23
f 27/47/24 24/69/24 31/43/24
f 32/48/25 35/51/25 33/49/25
f 35/51/26 39/59/26 36/52/26
f 36/52/27 39/59/32 37/53/27
f 38/54/28 37/53/28 32/55/28
f 33/57/29 36/52/29 38/54/29
f 39/59/30 35/70/30 32/60/30
